b =

    0.0084         0   -0.0169         0    0.0084


a =

    1.0000   -3.5807    4.9427   -3.1144    0.7575